-6265 -16395
-5765 -16395
-5265 -16395
-4765 -16395
-4265 -16395
-3765 -16395
-3265 -16395
-2765 -16395
-2265 -16395
-1765 -16395
-1265 -16395
-765 -16395
-265 -16395
235 -16395
735 -16395
1235 -16395
1735 -16395
2235 -16395
2735 -16395
3235 -16395
3735 -16395
4235 -16395
4735 -16395
5235 -16395
5735 -16395
6235 -16395
6735 -16395
7235 -16395
7735 -16395
8235 -16395
8235 -15895
8235 -15395
8235 -14895
8235 -14395
8235 -13895
8235 -13395
8235 -12895
8235 -12395
8235 -11895
8235 -11395
8235 -10895
8235 -10395
8235 -9895
8235 -9395
8235 -8895
8235 -8395
8235 -7895
8235 -7395
8235 -6895
8235 -6395
8235 -5895
8235 -5395
8235 -4895
8235 -4395
8235 -3895
8235 -3395
8235 -2895
8235 -2395
8235 -1895
8235 -1395
8235 -895
8235 -395
8235 105
8235 605
8235 1105
8235 1605
8235 2105
8235 2605
8235 3105
8235 3605
8235 4105
8235 4605
8235 5105
8235 5605
8235 6105
8235 6605
8235 7105
8235 7605
8235 8105
8235 8605
8235 9105
8235 9605
8235 10105
8235 10605
8235 11105
8235 11605
8235 12105
8235 12605
8235 13105
8235 13605
8235 14105
8235 14605
8235 15105
8235 15605
7735 15605
7735 15105
7735 14605
7735 14105
7735 13605
7735 13105
7735 12605
7735 12105
7735 11605
7735 11105
7735 10605
7735 10105
7735 9605
7735 9105
7735 8605
7735 8105
7735 7605
7735 7105
7735 6605
7735 6105
7735 5605
7735 5105
7735 4605
7735 4105
7735 3605
7735 3105
7735 2605
7735 2105
7735 1605
7735 1105
7735 605
7735 105
7735 -395
7735 -895
7735 -1395
7735 -1895
7735 -2395
7735 -2895
7735 -3395
7735 -3895
7735 -4395
7735 -4895
7735 -5395
7735 -5895
7735 -6395
7735 -6895
7735 -7395
7735 -7895
7735 -8395
7735 -8895
7735 -9395
7735 -9895
7735 -10395
7735 -10895
7735 -11395
7735 -11895
7735 -12395
7735 -12895
7735 -13395
7735 -13895
7735 -14395
7735 -14895
7735 -15395
7735 -15895
7235 -15895
7235 -15395
7235 -14895
7235 -14395
7235 -13895
7235 -13395
7235 -12895
7235 -12395
7235 -11895
7235 -11395
7235 -10895
7235 -10395
7235 -9895
7235 -9395
7235 -8895
7235 -8395
7235 -7895
7235 -7395
7235 -6895
7235 -6395
7235 -5895
7235 -5395
7235 -4895
7235 -4395
7235 -3895
7235 -3395
7235 -2895
7235 -2395
7235 -1895
7235 -1395
7235 -895
7235 -395
7235 105
7235 605
7235 1105
7235 1605
7235 2105
7235 2605
7235 3105
7235 3605
7235 4105
7235 4605
7235 5105
7235 5605
7235 6105
7235 6605
7235 7105
7235 7605
7235 8105
7235 8605
7235 9105
7235 9605
7235 10105
7235 10605
7235 11105
7235 11605
7235 12105
7235 12605
7235 13105
7235 13605
7235 14105
7235 14605
7235 15105
7235 15605
6735 15605
6735 15105
6735 14605
6735 14105
6735 13605
6735 13105
6735 12605
6735 12105
6735 11605
6735 11105
6735 10605
6735 10105
6735 9605
6735 9105
6735 8605
6735 8105
6735 7605
6735 7105
6735 6605
6735 6105
6735 5605
6735 5105
6735 4605
6735 4105
6735 3605
6735 3105
6735 2605
6735 2105
6735 1605
6735 1105
6735 605
6735 105
6735 -395
6735 -895
6735 -1395
6735 -1895
6735 -2395
6735 -2895
6735 -3395
6735 -3895
6735 -4395
6735 -4895
6735 -5395
6735 -5895
6735 -6395
6735 -6895
6735 -7395
6735 -7895
6735 -8395
6735 -8895
6735 -9395
6735 -9895
6735 -10395
6735 -10895
6735 -11395
6735 -11895
6735 -12395
6735 -12895
6735 -13395
6735 -13895
6735 -14395
6735 -14895
6735 -15395
6735 -15895
6235 -15895
6235 -15395
6235 -14895
6235 -14395
6235 -13895
6235 -13395
6235 -12895
6235 -12395
6235 -11895
6235 -11395
6235 -10895
6235 -10395
6235 -9895
6235 -9395
6235 -8895
6235 -8395
6235 -7895
6235 -7395
6235 -6895
6235 -6395
6235 -5895
6235 -5395
6235 -4895
6235 -4395
6235 -3895
6235 -3395
6235 -2895
6235 -2395
6235 -1895
6235 -1395
6235 -895
6235 -395
6235 105
6235 605
6235 1105
6235 1605
6235 2105
6235 2605
6235 3105
6235 3605
6235 4105
6235 4605
6235 5105
6235 5605
6235 6105
6235 6605
6235 7105
6235 7605
6235 8105
6235 8605
6235 9105
6235 9605
6235 10105
6235 10605
6235 11105
6235 11605
6235 12105
6235 12605
6235 13105
6235 13605
6235 14105
6235 14605
6235 15105
6235 15605
5735 15605
5735 15105
5735 14605
5735 14105
5735 13605
5735 13105
5735 12605
5735 12105
5735 11605
5735 11105
5735 10605
5735 10105
5735 9605
5735 9105
5735 8605
5735 8105
5735 7605
5735 7105
5735 6605
5735 6105
5735 5605
5735 5105
5735 4605
5735 4105
5735 3605
5735 3105
5735 2605
5735 2105
5735 1605
5735 1105
5735 605
5735 105
5735 -395
5735 -895
5735 -1395
5735 -1895
5735 -2395
5735 -2895
5735 -3395
5735 -3895
5735 -4395
5735 -4895
5735 -5395
5735 -5895
5735 -6395
5735 -6895
5735 -7395
5735 -7895
5735 -8395
5735 -8895
5735 -9395
5735 -9895
5735 -10395
5735 -10895
5735 -11395
5735 -11895
5735 -12395
5735 -12895
5735 -13395
5735 -13895
5735 -14395
5735 -14895
5735 -15395
5735 -15895
5235 -15895
5235 -15395
5235 -14895
5235 -14395
5235 -13895
5235 -13395
5235 -12895
5235 -12395
5235 -11895
5235 -11395
5235 -10895
5235 -10395
5235 -9895
5235 -9395
5235 -8895
5235 -8395
5235 -7895
5235 -7395
5235 -6895
5235 -6395
5235 -5895
5235 -5395
5235 -4895
5235 -4395
5235 -3895
5235 -3395
5235 -2895
5235 -2395
5235 -1895
5235 -1395
5235 -895
5235 -395
5235 105
5235 605
5235 1105
5235 1605
5235 2105
5235 2605
5235 3105
5235 3605
5235 4105
5235 4605
5235 5105
5235 5605
5235 6105
5235 6605
5235 7105
5235 7605
5235 8105
5235 8605
5235 9105
5235 9605
5235 10105
5235 10605
5235 11105
5235 11605
5235 12105
5235 12605
5235 13105
5235 13605
5235 14105
5235 14605
5235 15105
5235 15605
4735 15605
4735 15105
4735 14605
4735 14105
4735 13605
4735 13105
4735 12605
4735 12105
4735 11605
4735 11105
4735 10605
4735 10105
4735 9605
4735 9105
4735 8605
4735 8105
4735 7605
4735 7105
4735 6605
4735 6105
4735 5605
4735 5105
4735 4605
4735 4105
4735 3605
4735 3105
4735 2605
4735 2105
4735 1605
4735 1105
4735 605
4735 105
4735 -395
4735 -895
4735 -1395
4735 -1895
4735 -2395
4735 -2895
4735 -3395
4735 -3895
4735 -4395
4735 -4895
4735 -5395
4735 -5895
4735 -6395
4735 -6895
4735 -7395
4735 -7895
4735 -8395
4735 -8895
4735 -9395
4735 -9895
4735 -10395
4735 -10895
4735 -11395
4735 -11895
4735 -12395
4735 -12895
4735 -13395
4735 -13895
4735 -14395
4735 -14895
4735 -15395
4735 -15895
4235 -15895
4235 -15395
4235 -14895
4235 -14395
4235 -13895
4235 -13395
4235 -12895
4235 -12395
4235 -11895
4235 -11395
4235 -10895
4235 -10395
4235 -9895
4235 -9395
4235 -8895
4235 -8395
4235 -7895
4235 -7395
4235 -6895
4235 -6395
4235 -5895
4235 -5395
4235 -4895
4235 -4395
4235 -3895
4235 -3395
4235 -2895
4235 -2395
4235 -1895
4235 -1395
4235 -895
4235 -395
4235 105
4235 605
4235 1105
4235 1605
4235 2105
4235 2605
4235 3105
4235 3605
4235 4105
4235 4605
4235 5105
4235 5605
4235 6105
4235 6605
4235 7105
4235 7605
4235 8105
4235 8605
4235 9105
4235 9605
4235 10105
4235 10605
4235 11105
4235 11605
4235 12105
4235 12605
4235 13105
4235 13605
4235 14105
4235 14605
4235 15105
4235 15605
3735 15605
3735 15105
3735 14605
3735 14105
3735 13605
3735 13105
3735 12605
3735 12105
3735 11605
3735 11105
3735 10605
3735 10105
3735 9605
3735 9105
3735 8605
3735 8105
3735 7605
3735 7105
3735 6605
3735 6105
3735 5605
3735 5105
3735 4605
3735 4105
3735 3605
3735 3105
3735 2605
3735 2105
3735 1605
3735 1105
3735 605
3735 105
3735 -395
3735 -895
3735 -1395
3735 -1895
3735 -2395
3735 -2895
3735 -3395
3735 -3895
3735 -4395
3735 -4895
3735 -5395
3735 -5895
3735 -6395
3735 -6895
3735 -7395
3735 -7895
3735 -8395
3735 -8895
3735 -9395
3735 -9895
3735 -10395
3735 -10895
3735 -11395
3735 -11895
3735 -12395
3735 -12895
3735 -13395
3735 -13895
3735 -14395
3735 -14895
3735 -15395
3735 -15895
3235 -15895
3235 -15395
3235 -14895
3235 -14395
3235 -13895
3235 -13395
3235 -12895
3235 -12395
3235 -11895
3235 -11395
3235 -10895
3235 -10395
3235 -9895
3235 -9395
3235 -8895
3235 -8395
3235 -7895
3235 -7395
3235 -6895
3235 -6395
3235 -5895
3235 -5395
3235 -4895
3235 -4395
3235 -3895
3235 -3395
3235 -2895
3235 -2395
3235 -1895
3235 -1395
3235 -895
3235 -395
3235 105
3235 605
3235 1105
3235 1605
3235 2105
3235 2605
3235 3105
3235 3605
3235 4105
3235 4605
3235 5105
3235 5605
3235 6105
3235 6605
3235 7105
3235 7605
3235 8105
3235 8605
3235 9105
3235 9605
3235 10105
3235 10605
3235 11105
3235 11605
3235 12105
3235 12605
3235 13105
3235 13605
3235 14105
3235 14605
3235 15105
3235 15605
2735 15605
2735 15105
2735 14605
2735 14105
2735 13605
2735 13105
2735 12605
2735 12105
2735 11605
2735 11105
2735 10605
2735 10105
2735 9605
2735 9105
2735 8605
2735 8105
2735 7605
2735 7105
2735 6605
2735 6105
2735 5605
2735 5105
2735 4605
2735 4105
2735 3605
2735 3105
2735 2605
2735 2105
2735 1605
2735 1105
2735 605
2735 105
2735 -395
2735 -895
2735 -1395
2735 -1895
2735 -2395
2735 -2895
2735 -3395
2735 -3895
2735 -4395
2735 -4895
2735 -5395
2735 -5895
2735 -6395
2735 -6895
2735 -7395
2735 -7895
2735 -8395
2735 -8895
2735 -9395
2735 -9895
2735 -10395
2735 -10895
2735 -11395
2735 -11895
2735 -12395
2735 -12895
2735 -13395
2735 -13895
2735 -14395
2735 -14895
2735 -15395
2735 -15895
2235 -15895
2235 -15395
2235 -14895
2235 -14395
2235 -13895
2235 -13395
2235 -12895
2235 -12395
2235 -11895
2235 -11395
2235 -10895
2235 -10395
2235 -9895
2235 -9395
2235 -8895
2235 -8395
2235 -7895
2235 -7395
2235 -6895
2235 -6395
2235 -5895
2235 -5395
2235 -4895
2235 -4395
2235 -3895
2235 -3395
2235 -2895
2235 -2395
2235 -1895
2235 -1395
2235 -895
2235 -395
2235 105
2235 605
2235 1105
2235 1605
2235 2105
2235 2605
2235 3105
2235 3605
2235 4105
2235 4605
2235 5105
2235 5605
2235 6105
2235 6605
2235 7105
2235 7605
2235 8105
2235 8605
2235 9105
2235 9605
2235 10105
2235 10605
2235 11105
2235 11605
2235 12105
2235 12605
2235 13105
2235 13605
2235 14105
2235 14605
2235 15105
2235 15605
1735 15605
1735 15105
1735 14605
1735 14105
1735 13605
1735 13105
1735 12605
1735 12105
1735 11605
1735 11105
1735 10605
1735 10105
1735 9605
1735 9105
1735 8605
1735 8105
1735 7605
1735 7105
1735 6605
1735 6105
1735 5605
1735 5105
1735 4605
1735 4105
1735 3605
1735 3105
1735 2605
1735 2105
1735 1605
1735 1105
1735 605
1735 105
1735 -395
1735 -895
1735 -1395
1735 -1895
1735 -2395
1735 -2895
1735 -3395
1735 -3895
1735 -4395
1735 -4895
1735 -5395
1735 -5895
1735 -6395
1735 -6895
1735 -7395
1735 -7895
1735 -8395
1735 -8895
1735 -9395
1735 -9895
1735 -10395
1735 -10895
1735 -11395
1735 -11895
1735 -12395
1735 -12895
1735 -13395
1735 -13895
1735 -14395
1735 -14895
1735 -15395
1735 -15895
1235 -15895
1235 -15395
1235 -14895
1235 -14395
1235 -13895
1235 -13395
1235 -12895
1235 -12395
1235 -11895
1235 -11395
1235 -10895
1235 -10395
1235 -9895
1235 -9395
1235 -8895
1235 -8395
1235 -7895
1235 -7395
1235 -6895
1235 -6395
1235 -5895
1235 -5395
1235 -4895
1235 -4395
1235 -3895
1235 -3395
1235 -2895
1235 -2395
1235 -1895
1235 -1395
1235 -895
1235 -395
1235 105
1235 605
1235 1105
1235 1605
1235 2105
1235 2605
1235 3105
1235 3605
1235 4105
1235 4605
1235 5105
1235 5605
1235 6105
1235 6605
1235 7105
1235 7605
1235 8105
1235 8605
1235 9105
1235 9605
1235 10105
1235 10605
1235 11105
1235 11605
1235 12105
1235 12605
1235 13105
1235 13605
1235 14105
1235 14605
1235 15105
1235 15605
735 15605
735 15105
735 14605
735 14105
735 13605
735 13105
735 12605
735 12105
735 11605
735 11105
735 10605
735 10105
735 9605
735 9105
735 8605
735 8105
735 7605
735 7105
735 6605
735 6105
735 5605
735 5105
735 4605
735 4105
735 3605
735 3105
735 2605
735 2105
735 1605
735 1105
735 605
735 105
735 -395
735 -895
735 -1395
735 -1895
735 -2395
735 -2895
735 -3395
735 -3895
735 -4395
735 -4895
735 -5395
735 -5895
735 -6395
735 -6895
735 -7395
735 -7895
735 -8395
735 -8895
735 -9395
735 -9895
735 -10395
735 -10895
735 -11395
735 -11895
735 -12395
735 -12895
735 -13395
735 -13895
735 -14395
735 -14895
735 -15395
735 -15895
235 -15895
235 -15395
235 -14895
235 -14395
235 -13895
235 -13395
235 -12895
235 -12395
235 -11895
235 -11395
235 -10895
235 -10395
235 -9895
235 -9395
235 -8895
235 -8395
235 -7895
235 -7395
235 -6895
235 -6395
235 -5895
235 -5395
235 -4895
235 -4395
235 -3895
235 -3395
235 -2895
235 -2395
235 -1895
235 -1395
235 -895
235 -395
235 105
235 605
235 1105
235 1605
235 2105
235 2605
235 3105
235 3605
235 4105
235 4605
235 5105
235 5605
235 6105
235 6605
235 7105
235 7605
235 8105
235 8605
235 9105
235 9605
235 10105
235 10605
235 11105
235 11605
235 12105
235 12605
235 13105
235 13605
235 14105
235 14605
235 15105
235 15605
-265 15605
-265 15105
-265 14605
-265 14105
-265 13605
-265 13105
-265 12605
-265 12105
-265 11605
-265 11105
-265 10605
-265 10105
-265 9605
-265 9105
-265 8605
-265 8105
-265 7605
-265 7105
-265 6605
-265 6105
-265 5605
-265 5105
-265 4605
-265 4105
-265 3605
-265 3105
-265 2605
-265 2105
-265 1605
-265 1105
-265 605
-265 105
-265 -395
-265 -895
-265 -1395
-265 -1895
-265 -2395
-265 -2895
-265 -3395
-265 -3895
-265 -4395
-265 -4895
-265 -5395
-265 -5895
-265 -6395
-265 -6895
-265 -7395
-265 -7895
-265 -8395
-265 -8895
-265 -9395
-265 -9895
-265 -10395
-265 -10895
-265 -11395
-265 -11895
-265 -12395
-265 -12895
-265 -13395
-265 -13895
-265 -14395
-265 -14895
-265 -15395
-265 -15895
-765 -15895
-765 -15395
-765 -14895
-765 -14395
-765 -13895
-765 -13395
-765 -12895
-765 -12395
-765 -11895
-765 -11395
-765 -10895
-765 -10395
-765 -9895
-765 -9395
-765 -8895
-765 -8395
-765 -7895
-765 -7395
-765 -6895
-765 -6395
-765 -5895
-765 -5395
-765 -4895
-765 -4395
-765 -3895
-765 -3395
-765 -2895
-765 -2395
-765 -1895
-765 -1395
-765 -895
-765 -395
-765 105
-765 605
-765 1105
-765 1605
-765 2105
-765 2605
-765 3105
-765 3605
-765 4105
-765 4605
-765 5105
-765 5605
-765 6105
-765 6605
-765 7105
-765 7605
-765 8105
-765 8605
-765 9105
-765 9605
-765 10105
-765 10605
-765 11105
-765 11605
-765 12105
-765 12605
-765 13105
-765 13605
-765 14105
-765 14605
-765 15105
-765 15605
-1265 15605
-1265 15105
-1265 14605
-1265 14105
-1265 13605
-1265 13105
-1265 12605
-1265 12105
-1265 11605
-1265 11105
-1265 10605
-1265 10105
-1265 9605
-1265 9105
-1265 8605
-1265 8105
-1265 7605
-1265 7105
-1265 6605
-1265 6105
-1265 5605
-1265 5105
-1265 4605
-1265 4105
-1265 3605
-1265 3105
-1265 2605
-1265 2105
-1265 1605
-1265 1105
-1265 605
-1265 105
-1265 -395
-1265 -895
-1265 -1395
-1265 -1895
-1265 -2395
-1265 -2895
-1265 -3395
-1265 -3895
-1265 -4395
-1265 -4895
-1265 -5395
-1265 -5895
-1265 -6395
-1265 -6895
-1265 -7395
-1265 -7895
-1265 -8395
-1265 -8895
-1265 -9395
-1265 -9895
-1265 -10395
-1265 -10895
-1265 -11395
-1265 -11895
-1265 -12395
-1265 -12895
-1265 -13395
-1265 -13895
-1265 -14395
-1265 -14895
-1265 -15395
-1265 -15895
-1765 -15895
-1765 -15395
-1765 -14895
-1765 -14395
-1765 -13895
-1765 -13395
-1765 -12895
-1765 -12395
-1765 -11895
-1765 -11395
-1765 -10895
-1765 -10395
-1765 -9895
-1765 -9395
-1765 -8895
-1765 -8395
-1765 -7895
-1765 -7395
-1765 -6895
-1765 -6395
-1765 -5895
-1765 -5395
-1765 -4895
-1765 -4395
-1765 -3895
-1765 -3395
-1765 -2895
-1765 -2395
-1765 -1895
-1765 -1395
-1765 -895
-1765 -395
-1765 105
-1765 605
-1765 1105
-1765 1605
-1765 2105
-1765 2605
-1765 3105
-1765 3605
-1765 4105
-1765 4605
-1765 5105
-1765 5605
-1765 6105
-1765 6605
-1765 7105
-1765 7605
-1765 8105
-1765 8605
-1765 9105
-1765 9605
-1765 10105
-1765 10605
-1765 11105
-1765 11605
-1765 12105
-1765 12605
-1765 13105
-1765 13605
-1765 14105
-1765 14605
-1765 15105
-1765 15605
-2265 15605
-2265 15105
-2265 14605
-2265 14105
-2265 13605
-2265 13105
-2265 12605
-2265 12105
-2265 11605
-2265 11105
-2265 10605
-2265 10105
-2265 9605
-2265 9105
-2265 8605
-2265 8105
-2265 7605
-2265 7105
-2265 6605
-2265 6105
-2265 5605
-2265 5105
-2265 4605
-2265 4105
-2265 3605
-2265 3105
-2265 2605
-2265 2105
-2265 1605
-2265 1105
-2265 605
-2265 105
-2265 -395
-2265 -895
-2265 -1395
-2265 -1895
-2265 -2395
-2265 -2895
-2265 -3395
-2265 -3895
-2265 -4395
-2265 -4895
-2265 -5395
-2265 -5895
-2265 -6395
-2265 -6895
-2265 -7395
-2265 -7895
-2265 -8395
-2265 -8895
-2265 -9395
-2265 -9895
-2265 -10395
-2265 -10895
-2265 -11395
-2265 -11895
-2265 -12395
-2265 -12895
-2265 -13395
-2265 -13895
-2265 -14395
-2265 -14895
-2265 -15395
-2265 -15895
-2765 -15895
-2765 -15395
-2765 -14895
-2765 -14395
-2765 -13895
-2765 -13395
-2765 -12895
-2765 -12395
-2765 -11895
-2765 -11395
-2765 -10895
-2765 -10395
-2765 -9895
-2765 -9395
-2765 -8895
-2765 -8395
-2765 -7895
-2765 -7395
-2765 -6895
-2765 -6395
-2765 -5895
-2765 -5395
-2765 -4895
-2765 -4395
-2765 -3895
-2765 -3395
-2765 -2895
-2765 -2395
-2765 -1895
-2765 -1395
-2765 -895
-2765 -395
-2765 105
-2765 605
-2765 1105
-2765 1605
-2765 2105
-2765 2605
-2765 3105
-2765 3605
-2765 4105
-2765 4605
-2765 5105
-2765 5605
-2765 6105
-2765 6605
-2765 7105
-2765 7605
-2765 8105
-2765 8605
-2765 9105
-2765 9605
-2765 10105
-2765 10605
-2765 11105
-2765 11605
-2765 12105
-2765 12605
-2765 13105
-2765 13605
-2765 14105
-2765 14605
-2765 15105
-2765 15605
-3265 15605
-3265 15105
-3265 14605
-3265 14105
-3265 13605
-3265 13105
-3265 12605
-3265 12105
-3265 11605
-3265 11105
-3265 10605
-3265 10105
-3265 9605
-3265 9105
-3265 8605
-3265 8105
-3265 7605
-3265 7105
-3265 6605
-3265 6105
-3265 5605
-3265 5105
-3265 4605
-3265 4105
-3265 3605
-3265 3105
-3265 2605
-3265 2105
-3265 1605
-3265 1105
-3265 605
-3265 105
-3265 -395
-3265 -895
-3265 -1395
-3265 -1895
-3265 -2395
-3265 -2895
-3265 -3395
-3265 -3895
-3265 -4395
-3265 -4895
-3265 -5395
-3265 -5895
-3265 -6395
-3265 -6895
-3265 -7395
-3265 -7895
-3265 -8395
-3265 -8895
-3265 -9395
-3265 -9895
-3265 -10395
-3265 -10895
-3265 -11395
-3265 -11895
-3265 -12395
-3265 -12895
-3265 -13395
-3265 -13895
-3265 -14395
-3265 -14895
-3265 -15395
-3265 -15895
-3765 -15895
-3765 -15395
-3765 -14895
-3765 -14395
-3765 -13895
-3765 -13395
-3765 -12895
-3765 -12395
-3765 -11895
-3765 -11395
-3765 -10895
-3765 -10395
-3765 -9895
-3765 -9395
-3765 -8895
-3765 -8395
-3765 -7895
-3765 -7395
-3765 -6895
-3765 -6395
-3765 -5895
-3765 -5395
-3765 -4895
-3765 -4395
-3765 -3895
-3765 -3395
-3765 -2895
-3765 -2395
-3765 -1895
-3765 -1395
-3765 -895
-3765 -395
-3765 105
-3765 605
-3765 1105
-3765 1605
-3765 2105
-3765 2605
-3765 3105
-3765 3605
-3765 4105
-3765 4605
-3765 5105
-3765 5605
-3765 6105
-3765 6605
-3765 7105
-3765 7605
-3765 8105
-3765 8605
-3765 9105
-3765 9605
-3765 10105
-3765 10605
-3765 11105
-3765 11605
-3765 12105
-3765 12605
-3765 13105
-3765 13605
-3765 14105
-3765 14605
-3765 15105
-3765 15605
-4265 15605
-4265 15105
-4265 14605
-4265 14105
-4265 13605
-4265 13105
-4265 12605
-4265 12105
-4265 11605
-4265 11105
-4265 10605
-4265 10105
-4265 9605
-4265 9105
-4265 8605
-4265 8105
-4265 7605
-4265 7105
-4265 6605
-4265 6105
-4265 5605
-4265 5105
-4265 4605
-4265 4105
-4265 3605
-4265 3105
-4265 2605
-4265 2105
-4265 1605
-4265 1105
-4265 605
-4265 105
-4265 -395
-4265 -895
-4265 -1395
-4265 -1895
-4265 -2395
-4265 -2895
-4265 -3395
-4265 -3895
-4265 -4395
-4265 -4895
-4265 -5395
-4265 -5895
-4265 -6395
-4265 -6895
-4265 -7395
-4265 -7895
-4265 -8395
-4265 -8895
-4265 -9395
-4265 -9895
-4265 -10395
-4265 -10895
-4265 -11395
-4265 -11895
-4265 -12395
-4265 -12895
-4265 -13395
-4265 -13895
-4265 -14395
-4265 -14895
-4265 -15395
-4265 -15895
-4765 -15895
-4765 -15395
-4765 -14895
-4765 -14395
-4765 -13895
-4765 -13395
-4765 -12895
-4765 -12395
-4765 -11895
-4765 -11395
-4765 -10895
-4765 -10395
-4765 -9895
-4765 -9395
-4765 -8895
-4765 -8395
-4765 -7895
-4765 -7395
-4765 -6895
-4765 -6395
-4765 -5895
-4765 -5395
-4765 -4895
-4765 -4395
-4765 -3895
-4765 -3395
-4765 -2895
-4765 -2395
-4765 -1895
-4765 -1395
-4765 -895
-4765 -395
-4765 105
-4765 605
-4765 1105
-4765 1605
-4765 2105
-4765 2605
-4765 3105
-4765 3605
-4765 4105
-4765 4605
-4765 5105
-4765 5605
-4765 6105
-4765 6605
-4765 7105
-4765 7605
-4765 8105
-4765 8605
-4765 9105
-4765 9605
-4765 10105
-4765 10605
-4765 11105
-4765 11605
-4765 12105
-4765 12605
-4765 13105
-4765 13605
-4765 14105
-4765 14605
-4765 15105
-4765 15605
-5265 15605
-5265 15105
-5265 14605
-5265 14105
-5265 13605
-5265 13105
-5265 12605
-5265 12105
-5265 11605
-5265 11105
-5265 10605
-5265 10105
-5265 9605
-5265 9105
-5265 8605
-5265 8105
-5265 7605
-5265 7105
-5265 6605
-5265 6105
-5265 5605
-5265 5105
-5265 4605
-5265 4105
-5265 3605
-5265 3105
-5265 2605
-5265 2105
-5265 1605
-5265 1105
-5265 605
-5265 105
-5265 -395
-5265 -895
-5265 -1395
-5265 -1895
-5265 -2395
-5265 -2895
-5265 -3395
-5265 -3895
-5265 -4395
-5265 -4895
-5265 -5395
-5265 -5895
-5265 -6395
-5265 -6895
-5265 -7395
-5265 -7895
-5265 -8395
-5265 -8895
-5265 -9395
-5265 -9895
-5265 -10395
-5265 -10895
-5265 -11395
-5265 -11895
-5265 -12395
-5265 -12895
-5265 -13395
-5265 -13895
-5265 -14395
-5265 -14895
-5265 -15395
-5265 -15895
-5765 -15895
-5765 -15395
-5765 -14895
-5765 -14395
-5765 -13895
-5765 -13395
-5765 -12895
-5765 -12395
-5765 -11895
-5765 -11395
-5765 -10895
-5765 -10395
-5765 -9895
-5765 -9395
-5765 -8895
-5765 -8395
-5765 -7895
-5765 -7395
-5765 -6895
-5765 -6395
-5765 -5895
-5765 -5395
-5765 -4895
-5765 -4395
-5765 -3895
-5765 -3395
-5765 -2895
-5765 -2395
-5765 -1895
-5765 -1395
-5765 -895
-5765 -395
-5765 105
-5765 605
-5765 1105
-5765 1605
-5765 2105
-5765 2605
-5765 3105
-5765 3605
-5765 4105
-5765 4605
-5765 5105
-5765 5605
-5765 6105
-5765 6605
-5765 7105
-5765 7605
-5765 8105
-5765 8605
-5765 9105
-5765 9605
-5765 10105
-5765 10605
-5765 11105
-5765 11605
-5765 12105
-5765 12605
-5765 13105
-5765 13605
-5765 14105
-5765 14605
-5765 15105
-5765 15605
-6265 15605
-6265 15105
-6265 14605
-6265 14105
-6265 13605
-6265 13105
-6265 12605
-6265 12105
-6265 11605
-6265 11105
-6265 10605
-6265 10105
-6265 9605
-6265 9105
-6265 8605
-6265 8105
-6265 7605
-6265 7105
-6265 6605
-6265 6105
-6265 5605
-6265 5105
-6265 4605
-6265 4105
-6265 3605
-6265 3105
-6265 2605
-6265 2105
-6265 1605
-6265 1105
-6265 605
-6265 105
-6265 -395
-6265 -895
-6265 -1395
-6265 -1895
-6265 -2395
-6265 -2895
-6265 -3395
-6265 -3895
-6265 -4395
-6265 -4895
-6265 -5395
-6265 -5895
-6265 -6395
-6265 -6895
-6265 -7395
-6265 -7895
-6265 -8395
-6265 -8895
-6265 -9395
-6265 -9895
-6265 -10395
-6265 -10895
-6265 -11395
-6265 -11895
-6265 -12395
-6265 -12895
-6265 -13395
-6265 -13895
-6265 -14395
-6265 -14895
-6265 -15395
-6265 -15895